0.16795841318113
0.154962880808689
0.124413007340814
0.121496648877707
0.121304009805743
0.121244343779786
0.121194213844812
0.121145967283727
0.121098983817355
0.121053159625851
0.121008443389685
0.120964793017571
0.12092216951054
0.120880535707169
0.120839855949399
0.120800095956134
0.120761222748046
0.120723204586779
0.120686010919657
0.120649612327679
0.120613980476158
0.120579088067768
0.120544908797836
0.120511417311786
0.120478589164592
0.120446400782161
0.120414829424544
0.120383853150878
0.120353450785968
0.120323601888449
0.120294286720417
0.120265486218484
0.120237181966165
0.120209356167552
0.120181991622183
0.120155071701081
0.120128580323877
0.120102501936973
0.120076821492707
0.120051524429449
0.120026596652598
0.120002024516433
0.119977794806776
0.119953894724422
0.119930311869316
0.119907034225421
0.119884050146256
0.119861348341073
0.119838917861638
0.119816748089587
0.119794828724337
0.11977314977152
0.119751701531914
0.11973047459086
0.119703109082141
0.119682336260635
0.119661760138138
0.119641368638539
0.119621152951921
0.119601105056959
0.119581217280444
0.11956148219265
0.11954189257677
0.119522441416391
0.119503121887589
0.119483927352366
0.119464851352606
0.119445887604342
0.119427029992282
0.119408272564556
0.119389609527695
0.119371035241808
0.119352544215961
0.119334131103752
0.119315790699061
0.119297517931982
0.119279307864918
0.119261155688836
0.119243056719681
0.119225006394929
0.119207000270286
0.119189034016521
0.119171103416422
0.119153204361885
0.11913533285111
0.119117484985916
0.119099656969159
0.119081845102257
0.119064045782806
0.119046255502293
0.119028470843899
0.119010688480381
0.118992905172035
0.118975117764739
0.118957323188061
0.118939518453438
0.11892170065242
0.118903866954968
0.118886014607813
0.118868140932868
0.118850243325682
0.118832319253945
0.118814366256032
0.118796381939585
0.118778363980125
0.118760310119703
0.118742218165568
0.118724085988863
0.118705911523346
0.118687692764111
0.11866942776634
0.118651114644051
0.118632751568854
0.11861433676871
0.118595868526686
0.118577345179703
0.118558765117271
0.118540126780217
0.118521428659387
0.118502669294327
0.118483847271936
0.118464961225095
0.11844600983125
0.11842699181096
0.118407905926401
0.118388750979819
0.118369525811926
0.118350229300243
0.118330860357373
0.118311417929207
0.118291900993056
0.118272308555697
0.118252639651343
0.118232893339512
0.118213068702803
0.118193164844567
0.118173180886473
0.118153115965946
0.118132969233497
0.118112739849913
0.118092426983315
0.118072029806073
0.118051547491567
0.118030979210798
0.118010324128822
0.117989581401024
0.117968750169197
0.117947829557447
0.117926818667885
0.117905716576125
0.117884522326563
0.117863234927432
0.117841853345626
0.117820376501279
0.117798803262102
0.117777132437447
0.117755362772114
0.117733492939867
0.117711521536669
0.117689447073614
0.117667267969545
0.117644982543361
0.117622589005987
0.117600085452005
0.117577469850934
0.117554740038149
0.117531893705426
0.117508928391111
0.117485841469887
0.117460247933685
0.11743584432702
0.117412352739595
0.117388748091214
0.117365011917476
0.117341137712049
0.11731712099358
0.117292957455444
0.117268642602581
0.117244171670461
0.117219539597406
0.117194741006658
0.117169770189876
0.117144621090501
0.117119287286677
0.117093761973671
0.117068037945785
0.117042107577759
0.117015962805652
0.116989595107224
0.116962995481804
0.116936154429666
0.116909061930908
0.116881707423848
0.116854079782954
0.116826167296316
0.116797957642675
0.116769437868034
0.116740594361872
0.116711412832976
0.116681878284933
0.116651974991303
0.116621686470511
0.116590995460491
0.116559883893132
0.116528332868564
0.116496322629329
0.116463832534509
0.116430841033837
0.116396124499605
0.11636219498591
0.116327697935213
0.116292611486009
0.116256909932423
0.116220566071516
0.11618355154911
0.116145836893221
0.116107391499847
0.116068183612164
0.116028180299504
0.11598734743718
0.115945649687427
0.115903050481582
0.115859512003654
0.115814995175384
0.115769459642949
0.115722863765424
0.115675164605156
0.115626317920165
0.11557627815873
0.115524998456284
0.115472430634772
0.115418525204593
0.115363231369281
0.115306497033043
0.115248268811301
0.115188492044354
0.115127110814295
0.115064067965284
0.114999305127301
0.114932762743475
0.114864380101077
0.114794095366257
0.114721845622603
0.114647566913559
0.114571194288754
0.114492661854244
0.114411902826688
0.114328849591417
0.114243433764365
0.114155586257776
0.114065237349602
0.113972316756451
0.113876753709924
0.113778477036143
0.113677415238234
0.113573496581472
0.113466649180783
0.113356801090216
0.113243880393966
0.113127815298483
0.113008534225119
0.112885965902732
0.112760039459602
0.112630684513934
0.112497831262169
0.112361410564274
0.11222135402508
0.112077594070702
0.111940775113419
0.111790152762567
0.111635724940786
0.111477336337634
0.111314921261507
0.111148417350575
0.110977763423251
0.110802899429272
0.110623766431899
0.110440306573807
0.11025246302452
0.110060179908099
0.10986340220993
0.109662075661514
0.109456146602351
0.109245561818136
0.109030268354705
0.108810213307427
0.108585343585999
0.10835560565494
0.108120945250464
0.107881307074828
0.107636634469702
0.107386869070675
0.107131950445538
0.106871815719653
0.106606399192342
0.106335631949012
0.10605944147446
0.105777751273633
0.105490480506976
0.105197543648378
0.104898850174631
0.104594304296257
0.104283804740439
0.103967244597734
0.103644511245066
0.103315486358311
0.102980046028478
0.102638060996046
0.102289397018427
0.101933915385674
0.101571473599473
0.101201926230027
0.100825125964605
0.100440924860278
0.100049175811552
0.0996497342412434
0.0992424600199313
0.0988272196156277
0.0984038884709201
0.0979723535997347
0.0975325163900827
0.097084295592745
0.0966276304689272
0.0961624840626183
0.0956888465559166
0.0952067386581904
0.094716214972898
0.0942173672795371
0.0937103276628682
0.0931952714176146
0.0926724196546314
0.0921420415343525
0.0916044560554187
0.0910600333309159
0.0905091952916668
0.0899524157654493
0.0893902198926718
0.0888231828525875
0.0882519278891383
0.0876771236414538
0.0870994808002701
0.0865197481274599
0.0859387078908224
0.0853571707796949
0.084775970378292
0.0841959572825457
0.0836179929523258
0.083042943394109
0.0824716727694322
0.0819050370219214
0.0813438776105572
0.080789015429463
0.0802412449852653
0.0797013288924366
0.0791699927354681
0.0786479203347072
0.0781357494407233
0.0776340678705717
0.0771434100887307
0.0766642542261636
0.0761970195232137
0.0757420641761477
0.0752996835633183
0.0748701088252534
0.0744535057735674
0.0740499741064266
0.0736595469132944
0.0732821904586706
0.0729178042432526
0.072566221351035
0.0722272091018382
0.0719004700400601
0.0715856433013653
0.0712823064087838
0.0709899775574053
0.0707081184515991
0.0704361377595384
0.0701733952458943
0.0699192066341766
0.0696728492348491
0.069433568353903
0.0692005844693143
0.0689013474957895
0.0687229895965637
0.0684890842645895
0.0682833343233106
0.0680733277104543
0.0678667530546533
0.0676604532587001
0.067454421269375
0.0672478473224969
0.0670402196911595
0.0668310319767303
0.0666198684649155
0.0664063860113464
0.0661903213448935
0.0659714897137657
0.0657497837887398
0.0655251706546088
0.0652976876139514
0.0650674368498685
0.0648345791975077
0.0645993272458362
0.0643619380043026
0.0641227053591193
0.0638819525280725
0.0636400246994505
0.0633972820128269
0.0631540930089811
0.0629108286451321
0.0626678569415138
0.062425538297397
0.0621842214898739
0.0619442403475919
0.0617085645336054
0.061474750947694
0.0612419770320594
0.0610116740138132
0.060783940186445
0.0605590044232496
0.0603370563940744
0.0601182652834634
0.0599027785754461
0.0596907230396459
0.0594822056803592
0.0592773148101897
0.0590761211974156
0.0588786792589993
0.0586850282742307
0.0584951935982258
0.0583091878582628
0.0581270121193306
0.0579486570082598
0.0577741037884253
0.0576033253792596
0.057436287316735
0.0572729486525767
0.0571132627912952
0.0569571782652075
0.056804639448476
0.0566555872118676
0.0565099595204472
0.0563676919767917
0.056228718312569
0.0560929708314909
0.0559603808067299
0.0558308788359137
0.0557043951567794
0.0555808599265026
0.0554602034676174
0.0553423564833225
0.0552272502448341
0.0551148167532993
0.0550516683459907
0.0549262560832576
0.0548185191385353
0.0547152219695122
0.0546146046454845
0.0545163454416737
0.0544203413091989
0.0543265254745632
0.0542348384025347
0.0541452230125454
0.0540576238656206
0.0539719870167871
0.0538882599788187
0.0538063917023222
0.0537263325558671
0.053648034303665
0.0535714500807439
0.0534965343659685
0.0534232429532943
0.0533515329216137
0.0532813626035119
0.0532126915532157
0.0531454805139818
0.0530796913851392
0.0530152871889764
0.0529522320376342
0.0528904911001459
0.0528300305697441
0.0527708176315368
0.0527128204306401
0.0526560080408367
0.0526003504338229
0.0525458184490895
0.0524923837644761
0.0524400188674283
0.0523886970269788
0.0523383922664694
0.0522890793370209
0.052240733691758
0.0521933314607869
0.0521468494269232
0.0521012650021633
0.0520565562048887
0.0520127016377931
0.0519696804665165
0.0519274723989733
0.0518860576653559
0.0518454169987982
0.0518055316166794
0.0517663832025498
0.0517279538886604
0.0516902262390753
0.0516531832333491
0.0516168082507491
0.0515810850550027
0.0515459977795519
0.0515115309132958
0.0514776692868015
0.0514443980589671
0.0514129702170573
0.0513810428681266
0.0513494474229293
0.0513183186563713
0.051287689692692
0.0512575619388473
0.0512279270554325
0.0511987738127493
0.0511700902263958
0.0511418642195219
0.0511140838244351
0.0510867372399093
0.0510598128432785
0.0510332991884297
0.0510071849994941
0.0509814591633198
0.0509561107217004
0.0509311288636585
0.0509065029178761
0.0508822223452931
0.0508582767318752
0.0508346557815466
0.0508113493092799
0.0507883472343362
0.0507683662075248
0.0507453462403453
0.0507229989635777
0.0507010454778903
0.0506793896269668
0.0506579936514106
0.0506368387956656
0.0506159125503049
0.050595204484299
0.0505747048764492
0.0505544042627529
0.0505342932840974
0.0505143626325759
0.0504946030302502
0.0504750052186205
0.0504555599516581
0.0504362579900472
0.0504170900958576
0.0503980470273928
0.0503791195341226
0.0503602983516728
0.0503415741968566
0.0503229377627446
0.0503043797137666
0.0502858906808457
0.0502674612565586
0.0502490819903235
0.05023074338361
0.0502124358851726
0.0501941498863035
0.0501758757161048
0.0501576036367786
0.0501393238389344
0.0501210264369126
0.0501027014641237
0.0500843388684038
0.0500659285073864
0.0500474601438897
0.0500289234413221
0.0500103079591058
0.0499916031481201
0.0499727983461666
0.0499538827734581
0.0499348455281344
0.0499156755818077
0.0498963617751406
0.0498768928134625
0.049857257262427
0.0498500071862067
0.0498213825568048
0.0497987653873636
0.0497775925905001
0.0497320449814717
0.0497160446041773
0.0496969435048317
0.0496762156108908
0.0496547275252913
0.0496327898770685
0.0496104975139625
0.0495878720859329
0.0495649112566094
0.0495416048402339
0.0495179400065979
0.0494939029488503
0.0494694794154699
0.0494446548787926
0.0494194145876063
0.0493937435829753
0.0493676267025922
0.0493410485817401
0.0493139936534605
0.0492864461487712
0.049258390097225
0.0492298093279235
0.0492006874710469
0.0491710079599434
0.0491407540338184
0.0491099087410648
0.049078454943275
0.0490463753199783
0.0490136523741478
0.0489802684385245
0.0489462056828038
0.0489114461217367
0.0488759716241944
0.0488397639232479
0.0488028046273166
0.0487650752324373
0.0487265571357092
0.048687231649969
0.0486470800197472
0.0486060834385642
0.0485642230676138
0.0485214800558892
0.048477835561799
0.0484332707763214
0.048387766947742
0.0483413054080139
0.0482938676007801
0.0482454351110876
0.0481959896968215
0.0481455133218785
0.0480939881910937
0.0480413967869253
0.0479877219078924
0.0479329467087555
0.0478770547424118
0.0478200300034738
0.0477618569734804
0.0477025206676813
0.0476420066833202
0.047580301249327
0.0475173912773146
0.0474532644137624
0.0473879090932474
0.0473213145925744
0.047253471085633
0.0471843696988003
0.0471140025666865
0.047042362888007
0.0469694449813512
0.0468952443406034
0.0468197576897559
0.0467429830368492
0.0466649197267589
0.0465855684925431
0.0465049315050615
0.0464230124205697
0.046339816425994
0.0462553502815947
0.04616962236073
0.0460826426864376
0.0459944229645681
0.045904976613211
0.0458143187881746
0.0457224664042983
0.0456294381523978
0.0455352545116665
0.0454399377573831
0.0453435119638006
0.0452460030021229
0.0451474385334998
0.0450478479970056
0.0449472625925903
0.0448457152590257
0.0447432406468914
0.0446398750866742
0.0445356565520778
0.0444306246186596
0.044324820417932
0.0442182865870801
0.0441110672144619
0.0440032077810652
0.043894755098105
0.0437857572409449
0.0436762634795325
0.0435663242055313
0.0434559908563326
0.0433453158361238
0.0432343524341805
0.0431231547405461
0.0430117775592514
0.0429002763192181
0.0427887069829858
0.0426771259533933
0.0425655899783396
0.0424541560537505
0.0423428813248725
0.0422318229860202
0.0421158620290762
0.0420050873273448
0.0418949465255453
0.0417853498730022
0.0416762975334784
0.0415678228226829
0.041459971382281
0.0413527931727808
0.0412463392876048
0.0411406606305726
0.0410358073254554
0.0409318284168856
0.0408287716889916
0.0407266835328544
0.0406256088353702
0.0405255908786884
0.0404266712460767
0.0403439425365897
0.0402488492970891
0.0401540227245347
0.0400599094630269
0.0399668185643205
0.0398749238769622
0.0397843219127958
0.039695069654105
0.0396072041056953
0.0395207516987367
0.039435732696885
0.0393521632434163
0.0392700563125689
0.0391894221555124
0.0391102685150246
0.0390326007361535
0.0389564218321621
0.0388817325334718
0.0388085313325654
0.0387368145308545
0.0386665762902081
0.0385978086902352
0.0385305017916272
0.0384535249594868
0.0383911004484257
0.0383296576606303
0.038269320754398
0.0382101713218386
0.0381522507295681
0.0380955735395953
0.0380401380574465
0.0379859329313224
0.0379329409825162
0.0378811413769487
0.0378305108604948
0.0377810244789721
0.0377326560169303
0.0376853782828883
0.0376391633099797
0.0375939825091286
0.0375498067946981
0.0375066066933036
0.0374649270004722
0.0374235796901937
0.0373831220906154
0.0373435222989952
0.0373047492049763
0.0372667722321265
0.0372295612156119
0.037193086354254
0.0371573182026648
0.0371222276842352
0.0370877861141456
0.0370539652262882
0.0370207372006669
0.0369864741804736
0.0369543665108155
0.036922768025196
0.0368916543136019
0.0368610009378481
0.0368307836726669
0.0368009786521741
0.0367715624582256
0.0367425121728479
0.0367138054081776
0.036685420322052
0.0366573356242121
0.0366295305761755
0.0366019849866841
0.0365746792039463
0.0365475941054709
0.0365207110860389
0.0364940120441989
0.0364674793675751
0.0364410959172122
0.0364148450111419
0.0363887104073239
0.0363626762860947
0.036336727232242
0.0363108482168086
0.0362850245787178
0.036259242006305
0.0362334865188302
0.0362077444480369
0.036182002419819
0.0361562473360468
0.0361304663565999
0.036104646881647
0.0360787765342078
0.0360528431430283
0.0360268347257941
0.036000739472704
0.0359745457304207
0.0359482419864136
0.0359218168537042
0.0358952590560222
0.0358685574133777
0.0358417008280537
0.0358146782710189
0.0357874787687619
0.0357600913905436
0.0357325052360662
0.0357047094235535
0.0356766930782392
0.0356484453212555
0.0356199552589189
0.0355938582310288
0.0355649138520814
0.0355357141958669
0.0355062047819178
0.0354763695368019
0.0354462039984744
0.035415705468007
0.0353848698986106
0.0353536912859618
0.0353221618727175
0.0352902725349696
0.0352580131393938
0.0352253728189661
0.0351923401695048
0.0351589033837696
0.0351250503404365
0.035090768661907
0.0350560457511677
0.0350208688148171
0.0349852248770897
0.0349491007881075
0.0349124832284923
0.0348753587117536
0.0348377135853756
0.0347995340312208
0.034760806065652
0.0347215155396488
0.0346816481391013
0.0346411893854119
0.0346001246364969
0.0345584390882602
0.0345161177765932
0.0344731455799498
0.0344295072225372
0.0343851872781625
0.0343401701747721
0.0342944401997208
0.0342479815058088
0.034211087245055
0.0341614598179917
0.0341118847604509
0.0340619283323314
0.0340113791782073
0.0339601239808306
0.0339080951779631
0.0338552478834648
0.0338015491297761
0.0337469725520426
0.0336914956064877
0.0336350980403227
0.0335777610174727
0.0335194666070029
0.0334601974812596
0.0333999367394515
0.0333386678081474
0.0332763743898143
0.0332130404418152
0.0331486501750058
0.0330831880651583
0.0330166388729665
0.0329489876699611
0.0328802198686444
0.0328103212557754
0.0327392780281122
0.0326670768301628
0.0325937047936374
0.0325191495783845
0.0324433994146412
0.0323664431464588
0.0322882702761727
0.0322088710097947
0.0321282363031954
0.0320463579089465
0.0319632284236771
0.0318788413357913
0.0317931910733845
0.031706273052181
0.0316180837233096
0.0315286206207181
0.0314378824080209
0.0313458689245633
0.0312525812304765
0.0311580216504925
0.0310621938162771
0.0309651027070404
0.0308667546881757
0.0307671575476782
0.0306663205300956
0.0305642543677629
0.0304609713090805
0.0303564851435978
0.0302508112236763
0.0301439664825142
0.0300359694483287
0.0299268402545079
0.0298166006455603
0.0297052739787108
0.0295928852210127
0.029479460941868
0.0293650293008773
0.0292496200309606
0.0291332644167261
0.0290159952680864
0.0288978468891554
0.0287788550424892
0.0286590569087635
0.028538491042011
0.0284171973205729
0.0282952168939481
0.0281725921257508
0.0280493665330146
0.0279255847221071
0.027801292321541
0.0276765359119896
0.0275513629538322
0.027425821712573
0.0272999611824872
0.0271738310088603
0.0270474814091942
0.0269209630937563
0.0267943271858503
0.0266676251421852
0.0265409086737147
0.0264142296673108
0.0262876401086265
0.0261611920064895
0.0260349373191523
0.0259089278827102
0.0257832153419776
0.0256578510840932
0.0255328861751033
0.0254083712997496
0.0252843567046658
0.025160892145161
0.0250380268357449
0.0249158094045279
0.0247942878516019
0.0246735095114877
0.0245535210197081
0.0244343682835313
0.0243160964568997
0.0241987499195474
0.0240823722602888
0.023967006264442
0.0238526939053411
0.0237394763398723
0.0236273939079609
0.0235164861359259
0.0234067917436074
0.0232983486551698
0.0231911940134758
0.0230853641979238
0.0229808948456391
0.0228778208759108
0.0227761765177654
0.0226759953405728
0.0225773102875835
0.0224801537123026
0.0223845574176125
0.0222905526975636
0.0221981703817637
0.0221074408823058
0.0220183942431863
0.0219310601921773
0.0218454681951322
0.0217616475127165
0.021679627259573
0.0215994364659456
0.0215211041418042
0.0214446593435318
0.0213701312432539
0.0212975492009088
0.021226942839183
0.0211583421214519
0.0210917774328955
0.0210241477979069
0.0209615028817339
0.020901083603351
0.0208458183351742
0.0207899074318846
0.0207361745356721
0.0206846978829403
0.0206355231640271
0.0205886903992877
0.0205442396411266
0.0205022122470533
0.0204626512500706
0.020425601553519
0.0203911100981307
0.0203592260312642
0.0203300008847783
0.0203034887634182
0.020279746544746
0.0202588340915207
0.0202408144774559
0.0202257542273204
0.0202137235723922
0.0202047967223171
0.0201990521544552
0.0201965729218232
0.0201974469807541
0.0202017675393878
0.0202096334280819
0.0202211494927744
0.0202385818308422
0.0202576150191179
0.0202806972595632
0.0203079225493525
0.0203394279365419
0.0203753633582713
0.0204158886563826
0.0204611737684932
0.0204910017865939
0.0205272591573368
0.020587307391585
0.0206509833936978
0.0207201813398253
0.0207952869448944
0.0208765628315464
0.0209642757968733
0.0210587070785472
0.021160153429632
0.0212689273926761
0.0213853573419746
0.0215097872804945
0.0216425763272516
0.0217840978154544
0.021934737907086
0.0220948936136989
0.0222649700963116
0.0224453771000635
0.0226365243627648
0.0228388158222575
0.0230526424377917
0.023278373438447
0.0235163458208887
0.0237668519442879
0.0240301251177334
0.0243319425145038
0.0246078795738627
0.0249101099278474
0.0252246619795638
0.0255516354922929
0.0258904898178334
0.0262405018942248
0.0266007309580518
0.0269700064798355
0.0273469216917686
0.0277298352169402
0.0281168822311906
0.0285059961500875
0.0288949411353778
0.0292813548431268
0.0296786225650062
0.030052761061202
0.0304167480560632
0.0307685086463982
0.0311058910632784
0.0314269645847804
0.0317300450129705
0.0320137208391984
0.0322768664252282
0.032518643318283
0.0327384910349751
0.0329361092569173
0.0331114336761978
0.032796488419711
0.0325083297027098
0.0326806432692392
0.0328321486298423
0.0329599020326878
0.0330647631398936
0.0331475721546819
0.033209230932734
0.0332506787177939
0.0332728733757257
0.0332767763947146
0.0332633411633566
0.0332335040210071
0.0331881776035644
0.0331282460548659
0.0330545617292816
0.0329679430681027
0.0328691733866121
0.032759000357849
0.032638136021923
0.0325072571860335
0.0323670061104169
0.0322179913998455
0.0320607890397759
0.0318959435315265
0.0317239690926805
0.0315453508979012
0.0313605463420777
0.031169986312679
0.0309740764617733
0.0307731984707025
0.0305677113021528
0.0303579524355371
0.0301442390823736
0.0299268693788289
0.0297061235528935
0.029482265063839
0.0292555417117271
0.0290261867148284
0.0287944197528977
0.0285604479743449
0.0283244669654609
0.0280866616799893
0.0278472073274996
0.0276062702191954
0.0273640085699892
0.0271205732558872
0.0268761085259504
0.0266307526683208
0.0263846386300373
0.0261378945905873
0.0258906444893722
0.0256430085074774
0.0253951035043549
0.0251470434102257
0.0248989395752048
0.0246509010763316
0.0244030349838597
0.0241554465883201
0.0239082395900146
0.0236615162527319
0.0234153775235956
0.0231699231210632
0.0229252515931804
0.0226814603482795
0.0224386456603664
0.0221969026514927
0.0219563252534376
0.021717006151043
0.0214790367095437
0.0212425068882206
0.0210075051426726
0.0207741183179577
0.0205424315347923
0.0203125280709207
0.0200844892396794
0.0198583942676793
0.0196343201734113
0.0194123416484621
0.019192530942891
0.0189749577561771
0.0187596891350016
0.0185467893789784
0.0183363199552906
0.0181283394230382
0.0179229033679445
0.0177200643479218
0.0175198718498426
0.0173223722577236
0.017127608832393
0.01693562170258
0.0167464478672482
0.0165601212088836
0.016376672517347
0.016196129523811
0.0160185169442266
0.0158438565316934
0.015672167137055
0.0155034647769965
0.0153377627088852
0.0151750715115755
0.015015399171383
0.0148587511724297
0.0147051305905664
0.0145545381900893
0.0144069725224877
0.0142624300264831
0.0141209051286501
0.0139823903439449
0.0138468763755029
0.0137143522131102
0.0135848052297931
0.0134582212760192
0.0133345847710422
0.0132138787909766
0.013096085153226
0.0129811844969407
0.0128691563592214
0.0127599792468309
0.0126536307032195
0.0125500873707094
0.0124493250477251
0.012351318740996
0.0122560427126949
0.0121634705225104
0.0120735750646908
0.0119863286001263
0.0119017027835715
0.0118196686861431
0.0117401968132536
0.011663257118178
0.0115888190114743
0.0115168513665074
0.0114473225213558
0.0113802002774024
0.0113154518949367
0.0112530440861226
0.0111929430057008
0.011135114239824
0.0112414643676851
0.0111450131184045
0.0110817509144106
0.0110237478192203
0.0109687064365605
0.0109166013837125
0.0108672683334643
0.0108356411495105
0.0107904799227362
0.0107478391086966
0.010707611746363
0.0106696890732396
0.0106339716868461
0.0106003669171538
0.0105687877869109
0.0105391520646729
0.0105113815008933
0.0104854012017225
0.010461139115883
0.0104385256142782
0.0104174931463204
0.0103979759601684
0.0103799098765584
0.0103632321078293
0.0103478811152487
0.0103337964989148
0.0103209189154336
0.0103091900193025
0.0102985524245108
0.0102889496833332
0.0102803262796713
0.0102726276346046
0.0102658001220666
0.0102597910927783
0.010254548904752
0.0102500229588397
0.0102461637379415
0.0102429228486174
0.0102402530639657
0.0103306958809952
0.0103962303719983
0.010352116333827
0.0103299845639798
0.0103095194723838
0.0102922677685171
0.0102774455179255
0.0102138070579102
0.0102017710971497
0.0101942318006356
0.0101873933662963
0.0101816057316174
0.0101766547650253
0.010172435010262
0.0102072552740739
0.0101932168333458
0.00993270991092272
0.00995167787858909
0.00996572902537703
0.00997977227624499
0.0100092585560788
0.0100213633343761
0.0100303873915622
0.0100389218527496
0.0100464949820086
0.010053237240899
0.0100591731203435
0.0100643476129523
0.0100688014537263
0.0100725749344523
0.0100757065478238
0.0100782328338226
0.0100801881542305
0.0100816046096358
0.0100825120257517
0.0100829379985482
0.0100829079796608
0.0100824453892928
0.0100815717461502
0.0100803068064332
0.0100786687058375
0.0100766741001207
0.0100743383010626
0.010071675405653
0.0100686984171315
0.0100654193570994
0.0100618493683782
0.0100579988086225
0.0100538773349305
0.0100611819648932
0.0100561406586259
0.0100498911063603
0.0100438127000432
0.0100375310610555
0.0100311364969944
0.0100246010932004
0.0100179288710021
0.010011116374732
0.0100041629315285
0.0099970678301238
0.00998983098626063
0.00998245268514124
0.00997493358151802
0.00996727463769634
0.00995947708545977
0.00995154238758082
0.00994347220492859
0.00993526836689367
0.0099269328452257
0.00991846773078126
0.00990987521290122
0.0099011575611234
0.00989231710898246
0.00988335623967293
0.00987427737337682
0.00986508295607944
0.00985577544971496
0.00984635732350216
0.00983683104634309
0.0098271990801738
0.00981746387416536
0.00980762785968546
0.00979769344594019
0.0097876630162229
0.00977753892470589
0.00976732349371597
0.00975701901144242
0.00974662773002947
0.00973615186401158
0.0097255935890537
0.00971495504096193
0.00970423831493434
0.00969344546502471
0.00968257850379366
0.00967163940212566
0.00966063008919146
0.0096495524525388
0.00963840833829433
0.00962719955146283
0.00961592785631103
0.00960459497682388
0.0095932025972232
0.00958175236253938
0.00957024587922771
0.00955868471582215
0.00954707040361958
0.00953540443738876
0.00952368827609898
0.00951192334366324
0.00950011102969257
0.00948825269025665
0.00947634964864876
0.00946440319615149
0.00945241459280098
0.009440385068147
0.00942831582200774
0.00941620802521721
0.00940406282036375
0.00939188132251856
0.00937966461995333
0.0093674137748459
0.00935512982397309
0.00934281377939063
0.00933046662909924
0.00931808933769635
0.00930568284701372
0.00929324807674042
0.00928078592503086
0.00926829726909829
0.0092557829657932
0.00924324385216705
0.00923068074602134
0.00921809444644211
0.00920548573431965
0.00919285537285434
0.00918020410804823
0.00916753266918278
0.00915484176928293
0.00914213210556796
0.00912940435988904
0.00911665919915418
0.00910389727574052
0.00909111922789424
0.00907832568011889
0.0090655172435515
0.00905269451632786
0.0090398580839364
0.00902700851956139
0.00901414638441553
0.00900127222806265
0.00898838658873002
0.00897548999361145
0.00896258295916099
0.00894966599137731
0.00893673958607932
0.00892380422917366
0.00891086039691334
0.00889790855614876
0.00888494916457066
0.00887198267094595
0.00885900951534575
0.00884603012936662
0.00883304493634495
0.00882005435156486
0.00880705878245918
0.00879405862880492
0.008781054282912
0.00876804612980705
0.00875503454741056
0.00874201990670951
0.00872900257192415
0.00871598290067001
0.00870296124411481
0.00868993794713071
0.00867691334844194
0.00866388778076795
0.00865086157096228
0.00863783504014732
0.00862480850384492
0.00861178227210316
0.00859875664961971
0.00858573193586074
0.00857270842517718
0.00855968640691714
0.00854666616553494
0.00853364798069741
0.00852063212738669
0.00850761887600014
0.00849460849244768
0.00848160123824595
0.00846859737060994
0.00845559714254226
0.0084426008029194
0.00842960859657595
0.00841662076438642
0.00840363754334463
0.00839065916664104
0.0083776858637379
0.00836471786044224
0.00835175537897703
0.00833879863805049
0.00832584785292319
0.00831290323547354
0.00829996499426172
0.00828703333459164
0.00827410845857127
0.0082611905651716
0.00824827985028379
0.00823537650677523
0.00822248072454366
0.00820959269057018
0.008196712588971
0.00818384060104768
0.00817097690533616
0.0081581216776546
0.00814527509115005
0.00813243731634384
0.00811960852117599
0.00810678887104852
0.00809397852886772
0.00808117765508507
0.00806838640773794
0.00805560494248839
0.00804283341266181
0.00803007196928431
0.00801732076111919
0.00800457993470265
0.00799184963437896
0.00797913000233415
0.00796642117862962
0.00795372330123468
0.00794103650605834
0.00792836092698048
0.00791569669588227
0.00790304394267608
0.00789040279533445
0.00787777337991872
0.00786515582060688
0.00785255023972098
0.00783995675775367
0.00782737549339458
0.00781480656355578
0.00780225008339699
0.00778970616635018
0.00777717492414348
0.00776465646682489
0.00775215090278561
0.00773965833878237
0.00772717887995969
0.00771471262987195
0.00770225969050448
0.00768982016229458
0.00767739414415207
0.00766498173347954
0.00765258302619187
0.00764019811673598
0.00762782709810961
0.00761547006188016
0.00760312709820291
0.00759079829583924
0.00757848374217414
0.00756618352323374
0.00755389772370232
0.00754162642693886
0.00752936971499407
0.00751712766862606
0.0075049003673165
0.00749268788928622
0.00748049031151059
0.00746830770973476
0.00745614015848826
0.00744398773109994
0.00743185049971223
0.00741972853529515
0.0074076219076605
0.00739553068547534
0.00738345493627568
0.00737139472647971
0.00735935012140059
0.00734732118525973
0.00733530798119922
0.00732331057129429
0.00731132901656569
0.0072993633769918
0.00728741371152053
0.00727548007808088
0.00726356253359485
0.00725166113398856
0.00723977593420361
0.00722790698820817
0.00721605434900784
0.00720421806865647
0.00719239819826669
0.00718059478802044
0.00716880788717924
0.00715703754409453
0.00714528380621749
0.007133546720109
0.0071218263314495
0.00711012268504857
0.0070984358248544
0.00708676579396334
0.00707511263462889
0.00706347638827108
0.00705185709548541
0.00704025479605172
0.00702866952894315
0.00701710133233453
0.00700555024361136
0.00699401629937771
0.00698249953546529
0.00697099998694113
0.00695951768811604
0.00694805267255254
0.00693660497307294
0.00692517462176708
0.00691376165000014
0.00690236608842059
0.00689098796696721
0.00687962731487713
0.00686828416069306
0.00685695853227047
0.00684565045678506
0.00683435996073993
0.00682308706997237
0.00681183180966121
0.00680059420433356
0.00678937427787173
0.00677817205351984
0.00676698755389085
0.00675582080097277
0.00674467181613548
0.0067335406201373
0.00672242723313094
0.00671133167467043
0.00670025396371692
0.00668919411864513
0.00667815215724951
0.00666712809675007
0.00665612195379869
0.00664513374448484
0.00663416348434163
0.00662321118835161
0.00661227687095226
0.00660136054604226
0.00659046222698653
0.00657958192662224
0.00656871965726412
0.00655787543071009
0.00654704925824658
0.00653624115065392
0.00652545111821167
0.00651467917070387
0.00650392531742429
0.00649318956718153
0.00648247192830418
0.00647177240864581
0.00646109101559012
0.0064504277560556
0.00643978263650094
0.0064291556629294
0.00641854684089392
0.00640795617550164
0.00639738367141912
0.00638682933287633
0.00637629316367189
0.00636577516717734
0.00635527534634184
0.00634479370369645
0.00633433024135897
0.00632388496103797
0.00631345786403748
0.00630304895126118
0.00629265822321657
0.00628228568001968
0.00627193132139873
0.00626159514669871
0.00625340719877192
0.00626551179970786
0.0062374497754989
0.00622567154161704
0.00621855111014312
0.00620723949853056
0.00619655334406403
0.00618572665197391
0.00617503508831329
0.00616435239576639
0.00615372803798116
0.00614313888559846
0.00613259267735128
0.00612208433711921
0.0061114142170261
0.00610111272058411
0.00609067935339667
0.00608035762967065
0.00607003738206891
0.00605976255604296
0.00604951342076236
0.00603929721151899
0.00602910993742696
0.0060189523780275
0.00600882336519047
0.00599872259587899
0.0059886494498338
0.00597860348198697
0.00596858421347847
0.00595859121660647
0.00594862407691261
0.00593868240684482
0.00592876583799954
0.00591887402246037
0.00590900663046532
0.00589916334972747
0.00588934388417689
0.00587954795304618
0.00586977528990877
0.00586405944642973
0.00585240767866752
0.00584285958812786
0.00583291478089995
0.00582324825687513
0.00581351534858816
0.00580384757661531
0.00579418801210754
0.00578455945289978
0.00577495195303058
0.00576536919726555
0.00575580925737467
0.00574627254882567
0.00573675853714044
0.00572726709824368
0.00571779795529745
0.005708350910273
0.00569892574745541
0.00568952227238189
0.0056801402949808
0.00567077963575914
0.00566144012254264
0.00565212159114886
0.00564282388448265
0.00563354685231841
0.0056242903508355
0.00561581321941434
0.00560636401024811
0.005597234534271
0.00558802080309426
0.00557887294101524
0.00556972688160915
0.00556060821035049
0.00555150624800076
0.00554242518338507
0.0055333631559423
0.00552432077838319
0.005515297661475
0.00550629382893584
0.00549730914125429
0.00548834352976961
0.00547939690128841
0.00547046917659429
0.00546156027460139
0.00545267011857646
0.00544379863342392
0.00543494574660294
0.00542611138758388
0.00541729548790564
0.00540849798099871
0.00539971880211137
0.00539095788820256
0.00538221517785524
0.00537349061118893
0.00536478412977923
0.00535609567658071
0.00534742519585458
0.00533877263309985
0.00533013793498852
0.00532152104930422
0.00531292192488397
0.00530434051156346
0.00529577676012484
0.00528723062224763
0.00527870205046227
0.00527019099810577
0.0052616974192804
0.00525322126881393
0.00524476250222256
0.00523632107567525
0.00522789694596053
0.00521949007045464
0.00521110040709179
0.0052027279143355
0.0051943725511518
0.00518603427698393
0.00517771305172817
0.00516940883571094
0.00516112158966737
0.00515285127472074
0.00514459785236319
0.00513636128443725
0.00512814153311888
0.00511993856090051
0.0051117523305759
0.00510358280522522
0.00509542994820118
0.00508729372311585
0.0050791740938281
0.00507439944400336
0.00506622045448213
0.00505800236439722
0.00505102011907777
0.00504284256731672
0.00503469741514596
0.00502656913041109
0.00501846338303948
0.00501037763538061
0.00500231255556343
0.0049942675812901
0.00498624264020311
0.00497823748211854
0.00497025193706824
0.00496228581482149
0.0049543389431776
0.00494641115263822
0.00493850228182328
0.00493061217490891
0.00492274068216896
0.00491488765934554
0.00490705296749383
0.00489923647266649
0.00489143804568039
0.00488365756187125
0.00487589490087108
0.00486814994639405
0.00486042258603531
0.00485271271108027
0.00484502021632385
0.00483734499989941
0.00482968696311714
0.00482204601031031
0.00481442204869015
0.00480681498820772
0.00479922474142358
0.00479165122338382
0.00478409435150262
0.00477655404545057
0.00476903022704931
0.00476152282017069
0.00475403175064191
0.00474655694615491
0.00473909833618043
0.00473165585188654
0.00472422942606114
0.00471681899303823
0.00470942448862815
0.00470204585005088
0.00469468301587309
0.00468733592594783
0.00468000452135756
0.00467268874435969
0.0046653885383351
0.00465810384773886
0.00465083461805339
0.00464358079574415
0.00463634232821724
0.00462911916377898
0.00462191125159771
0.00461471854166725
0.00460754098477188
0.00460037853245366
0.00459323113698044
0.00458609875131623
0.0045789813290923
0.00457187882457998
0.00456479119266473
0.00455771838882146
0.00455066036909075
0.00454361709005647
0.00453658850882444
0.00452957458300174
0.00452257527067757
0.00451559053040426
0.00450862032117998
0.00450166460243157
0.00449472333399835
0.00448779647611709
0.00448088398940694
0.00447398583485563
0.0044671019738062
0.00446023236794415
0.00445291428512516
0.00444609004792251
0.00443926397466393
0.00443245744781955
0.00442566268329554
0.00441888243951726
0.00441211569101352
0.00440536277152004
0.00439862352700782
0.00439189797794358
0.00438518608205896
0.00437848781925653
0.0043718031612751
0.00436513208253662
0.00435847455629147
0.00435183055600594
0.00434520005488128
0.00433858302603726
0.00433197944245902
0.00432538927702717
0.00431881250251806
0.00431224909161393
0.00447823773044993
0.00433337140872324
0.0043104587791898
0.00429950142700011
0.00429288925073475
0.00428577624913071
0.00427900368933838
0.00427216511958361
0.00426538838329963
0.00425862611419686
0.00425189378247263
0.00424518511868222
0.0042385015106105
0.00423184171642967
0.00422520544838725
0.004218592121438
0.00421200128687396
0.004205432479617
0.00419888526952386
0.00419235924193348
0.00418585400287447
0.00417936917582032
0.00417290440146237
0.00416645933652186
0.00416003365297249
0.00415362703719375
0.00414723918921533
0.00414086982199333
0.00413451866073408
0.00412818544225628
0.0041218699143908
0.00411557183541569
0.00410929097352327
0.004103027106318
0.00409678002034263
0.00409054951063149
0.00408433538028809
0.00407813744008694
0.00407195550809672
0.00406578940932449
0.00405963897537896
0.00405350404415209
0.00404738445951791
0.0040412800710471
0.00403519073373682
0.00402911630775494
0.00403602235522839
0.00402056254169352
0.00401432451776248
0.00400914744377427
0.00400213298138508
0.00399598419166609
0.00398966982995996
0.00398345348035667
0.00397723824876456
0.00397105450565182
0.00396489139275701
0.00395875181148238
0.00395263416104145
0.00394653835647255
0.0039404638414052
0.00393441024098412
0.00392845656088924
0.00392244194352398
0.00391644505893997
0.00391046842144845
0.00390451075579158
0.0038985720452144
0.00389265188057411
0.00388674999797156
0.00388086610263972
0.00387499992542832
0.00386915120365037
0.00386331968655701
0.0038575051328605
0.00385170731087467
0.00384592599784551
0.00384016097957793
0.00383441205000009
0.00382867901077796
0.00382296167094265
0.00381725984654042
0.00381157336030085
0.00380590204132267
0.00380024572477654
0.00379460425162303
0.00378897746834563
0.00378336522669767
0.00377776738346206
0.00377218380022337
0.00376661434315167
0.00376105888279723
0.00375551729389536
0.00374998945518127
0.00374447524921402
0.00373897456220906
0.00373348728387892
0.00372801330728212
0.00372255252867879
0.00371710484739375
0.0037116701656858
0.00370624838862352
0.00370083942396678
0.0036954431820539
0.00369005957569411
0.00368468852006504
0.00367932993261496
0.00367398373296958
0.00366864984284298
0.00366332818595299
0.00365801868793986
0.00365272127628927
0.00364743588025819
0.0036421624308046
0.00363690086052003
0.00363165110356534
0.00362641309560898
0.00362118677376845
0.00361622526963132
0.00361101769792706
0.00360582467363978
0.0036006422581021
0.003595471570333
0.00359031219463552
0.00358516418329071
0.00358002744813837
0.00357490194502199
0.0035697876178706
0.00356468441555972
0.00355959228676861
0.00355451118148425
0.00354944105050257
0.00354438184553484
0.00353933351913409
0.00353429602467703
0.00352926931633129
0.00352425334902833
0.00351924807843648
0.00351425346093517
0.00350926945359045
0.00350429601413102
0.00349933310092585
0.0034943806729623
0.00348943868982518
0.00348450711167693
0.00347958589923816
0.00347467501376938
0.00346977441705318
0.00346488407137738
0.00346000393951854
0.00345513398472645
0.00345027417070903
0.00344753173537236
0.00344052005265764
0.00343536142108651
0.00343104483615312
0.00342659305577462
0.00342218946897443
0.00341777112360016
0.00341335605334796
0.00340893917698481
0.00340452226344187
0.00340010507290501
0.00339568795038136
0.00339127106525486
0.00338685463348059
0.00338243885247177
0.00337802391993185
0.00337361002823311
0.00336919736594446
0.00336478611730414
0.00336037646231175
0.00335596857666027
0.00335156263173287
0.00334715879459689
0.00334275722801344
0.00333835809045543
0.00333396153613493
0.00332956771503818
0.00332517677296774
0.00332078885159033
0.00331640408849049
0.00331202261722897
0.0033076445674044
0.00330327006471957
0.00329889923104964
0.00329453218451339
0.00329016903954635
0.00328580990697546
0.00328145489409517
0.00327710410474442
0.00327275763938417
0.00326841559517539
0.0032640780660574
0.00325974514282561
0.00325541691320974
0.00325109346195086
0.00324677487087845
0.00324246121898635
0.00323815258250802
0.00323384903499085
0.00322955064736956
0.00322525748803824
0.00322096962292121
0.00321668711554309
0.00321241002709697
0.0032081384165116
0.00320387234051731
0.00319961185371019
0.00319535700861522
0.00319110785574769
0.00318686444367349
0.0031826268190677
0.00317839502677182
0.00317416910984982
0.00316994910964234
0.00316573506581983
0.0031615270164341
0.00315732499796861
0.00315312904538721
0.00314893919218192
0.00314475547041881
0.00314057791078318
0.00313640654262291
0.00313224139399101
0.00312808249168659
0.00312392986129481
0.00311978352722574
0.00311564351275163
0.00311150984004359
0.00310738253020681
0.00310326160331491
0.00309914707844291
0.00309503897369962
0.00309093730625877
0.003086842092389
0.00308275334748346
0.00307867108608777
0.00307459532192777
0.0030705260679358
0.00306646333627658
0.00306240713837206
0.00305835748492549
0.0030543143859447
0.0030502778507647
0.00304624788806956
0.00304222450591331
0.00303820771174071
0.0030341975124067
0.0030301939141957
0.00302619692283999
0.00302220654353773
0.00301822278097013
0.00301424563931825
0.00301027512227921
0.00300631123308169
0.00300235397450128
0.00299840334887487
0.00299445935811505
0.00299052200372362
0.0029865912868048
0.00298266720807812
0.00297874976789084
0.00297483896622967
0.00297093480273268
0.0029670372767001
0.00296314638710544
0.00295926213260571
0.00295538451155185
0.00295151352199808
0.00294764916171171
0.00294379142818202
0.00293994031862941
0.00293609583001355
0.00293225795904193
0.00292842670217791
0.00292460205564819
0.00292078401545033
0.00291697257736027
0.00291316773693902
0.0029093694895396
0.00290557783031345
0.00290199924066036
0.00289821867827603
0.00289444562209759
0.00289067891848619
0.00288691884618708
0.00288316532838518
0.00287941837622273
0.00287567797888331
0.00287194413079593
0.00286821682491848
0.00286449605440053
0.00286078181217897
0.0028570740910827
0.00285337288381177
0.0028496781829475
0.00284598998095453
0.00284230827018485
0.00283863304288134
0.00283496429118102
0.0028313020071184
0.00282764618262863
0.00282399680955067
0.00282035387963018
0.00281671738452247
0.00281308731579535
0.00280946366493176
0.00280584642333244
0.00280223558231857
0.00279863113313415
0.00279503306694849
0.00279144137485852
0.00278785604789094
0.00278427707700464
0.00278070445309276
0.00277713816698462
0.00277357820944796
0.00277002457119058
0.00276647724286266
0.00276293621505825
0.00275940147831724
0.00275587302312697
0.00275235083992402
0.00274883491909582
0.00274532525098233
0.00283907352187606
0.00273346416888161
0.00272435321989819
0.00272119887897203
0.00271787638426155
0.00271465924805854
0.0027114226050717
0.00270819187519585
0.00270496122636028
0.00270173210104618
0.00269850429239397
0.00269527796596077
0.00269205320020085
0.00268883009066796
0.00268560872643753
0.00268238919546058
0.00267917158338017
0.00267595597382559
0.00267274244837575
0.00266953108659874
0.00266632196607584
0.00266311516243068
0.00265991074935801
0.00265670879865401
0.00265350938024712
0.00265031256222917
0.00264711841088738
0.00264392699073648
0.00264073836455125
0.00263755259339909
0.00263436973667301
0.00263118985212439
0.00262801299589576
0.00262483922255363
0.00262166858512124
0.00261850113511093
0.0026153369225563
0.00261217599604453
0.00260901840274769
0.00260586418845449
0.00260271339760113
0.00259956607330188
0.00259642225737962
0.00259328199039543
0.0025901453116781
0.00258701225935315
0.00258388287037114
0.00258075718053591
0.00257763522453196
0.00257451703595171
0.00257140264732175
0.0025682920901292
0.00256518539484711
0.00256208259095959
0.00255898370698635
0.0025558887705067
0.00255279780818324
0.00254971084578476
0.00254662790820897
0.00254354901950438
0.00254047420289203
0.00253740348078657
0.00253433687481679
0.00253127440584594
0.00252821609399113
0.0025251619586429
0.00252211201848372
0.00251906629150646
0.00251602479503221
0.00251298754572771
0.00250995455962245
0.00250692585212524
0.00250390143804044
0.00250088133158365
0.00249850275496882
0.00249541444191789
0.00249241617334478
0.00248940672181581
0.00248640492185322
0.00248340685076255
0.0024804133200047
0.00247742417660474
0.00247443946383227
0.00247145918444049
0.00246848334886687
0.00246551196545335
0.00246254504244419
0.00245958258759528
0.00245662460826664
0.00245367111141674
0.00245072210361652
0.00244777759105888
0.00244483757956894
0.00244190207461369
0.00243897108131156
0.00243604460444161
0.00243312264845253
0.00243020521747142
0.00242729231531231
0.00242438394548448
0.00242148011120052
0.00241858081538418
0.002415686060678
0.00241279584945091
0.00240991018380527
0.00240702906558408
0.00240415249637776
0.002401280477531
0.00239841301014896
0.00239555009510398
0.00239269173304142
0.00238983792438591
0.00238698866934707
0.00238414396792511
0.00238130381991667
0.00237846822491986
0.00237563718233971
0.00237281069139324
0.00236998875111443
0.00236717136035901
0.0023643585178093
0.00236155022197865
0.00235874647121598
0.00235594726371011
0.0023531525974941
0.00235036247044921
0.00234757688030896
0.00234479582466318
0.00234201930096162
0.00233924730651783
0.00233647983851255
0.00233371689399758
0.00233095846989885
0.00232820456301998
0.0023254551700454
0.00232271028754371
0.00231996991197048
0.00231723403967154
0.0023145026668857
0.00231177578974776
0.00230905340429117
0.00230633550645089
0.00230362209206577
0.00230091315688148
0.00229820869655273
0.00229550870664581
0.00229281318264102
0.00229012211993498
0.00228743551384286
0.00228475335960053
0.00228207565236691
0.0022794023872259
0.00227673355918847
0.00227406916319463
0.0022714091941155
0.00226875364675507
0.00226610251585213
0.00226345579608207
0.00226081348205858
0.0022581755683355
0.00225554204940832
0.002252912919716
0.00225028817364251
0.00224766780551821
0.00224505180962172
0.00224244018018111
0.00223983291137548
0.00223722999733633
0.00223463143214898
0.00223203720985393
0.00222944732444809
0.00222686176988611
0.00222428054008177
0.00222170362890892
0.00221913103020296
0.00221656273776183
0.00221399874534724
0.00221143904668576
0.00220888363546989
0.00220633250535914
0.00220378564998105
0.00220124306293231
0.0021987047377796
0.00219617066806061
0.00219364084728508
0.00219111526893555
0.00218859392646849
0.00218607681331501
0.00218356392288169
0.00218105524855165
0.0021785507836852
0.00217605052162061
0.00217355445567506
0.0021710625791453
0.0021685748853084
0.00216609136742262
0.00216361201872789
0.00216113683244674
0.00215866580178498
0.00215619891993215
0.00215373618006241
0.00215127757533512
0.00214882309889547
0.00214637274387502
0.00214392650339248
0.00214148437055409
0.00213904633845439
0.00213661240017663
0.00213418254879345
0.00213175677736731
0.00212933507895111
0.0021269174465887
0.00212450387331532
0.00212209435215811
0.00211968887613672
0.00211728743826362
0.00211489003154467
0.00211249664897952
0.00211010728356207
0.00210772192828098
0.00210534057611992
0.00210296322005825
0.00210058985307115
0.00209822046813023
0.00209585505820381
0.00209349361625733
0.00209113613525375
0.00208878260815395
0.00208643302791698
0.00208408738750045
0.00208174567986102
0.00207940789795449
0.00207707403473634
0.00207474408316196
0.00207241803618692
0.00207009588676747
0.00206777762786058
0.00206546325242447
0.00206315275341877
0.00206084612380483
0.00205854335654599
0.00205624444460796
0.00205394938095893
0.00205165815856988
0.00204937077041492
0.00204708720947144
0.00204480746872044
0.00204253154114667
0.00204025941973895
0.00203799109749035
0.00203572656739848
0.00203346582246564
0.00203120885569906
0.00202895566011108
0.00202670622871949
0.00202446055454755
0.00202221982358649
0.00201998163821748
0.00201774718838457
0.00201551646808903
0.00201328947024893
0.0020110661879429
0.00200884661423475
0.00200663074219846
0.00200441856491472
0.00200221007547166
0.00200000526696498
0.00199780413249799
0.00199560666518193
0.00199341285813595
0.0019912227044873
0.00198903619737167
0.00198685332993291
0.00198467409532361
0.00198249848670491
0.00198032649724686
0.00197815812012831
0.00197599334853727
0.00197383217567087
0.00197167459473553
0.00196952059894706
0.00196737018153077
0.00196522333572169
0.00196308005476443
0.00196094033191351
0.00195880416043339
0.00195667153359853
0.00195454244469349
0.00195241688701312
0.00195029485386251
0.00194817633855719
0.00194606133442318